1 1 5815705
1 2 6531629
1 3 6298670
1 4 6551429
1 5 8241423
1 6 10040958
1 8 11865505

2 1 6379556
2 2 6408663
2 3 6443477
2 4 6495502
2 5 8580609
2 6 9485138
2 8 11870811

3 1 6327071
3 2 6490159
3 3 6496742
3 4 6580143
3 5 9352595
3 6 9948716
3 8 11896657

4 1 6410309
4 2 6452631
4 3 6506705
4 4 6600644
4 5 9726450
4 6 9927454
4 8 11807864

5 1 6170823
5 2 6325642
5 3 6301220
5 4 6478492
5 5 9123994
5 6 9520559
5 8 11441616

6 1 6236412
6 2 6328239
6 3 6403467
6 4 6528399
6 5 9276999
6 6 9583543
6 8 11846127

7 1 6459764
7 2 6585361
7 3 6680554
7 4 6793549
7 5 9673376
7 6 10128123
7 8 12280803

8 1 6539968
8 2 6655361
8 3 6760562
8 4 6885472
8 5 9906104
8 6 10138520
8 8 12361449
