1 1 5.48
1 2 6.27
1 3 6.36
1 4 6.42
1 5 7.06
1 6 7.68
1 8 7.78

2 1 5.68
2 2 6.43
2 3 6.45
2 4 6.37
2 5 7.20
2 6 7.77
2 8 7.75

3 1 5.74
3 2 6.27
3 3 6.44
3 4 6.43
3 5 7.13
3 6 7.78
3 8 7.68

4 1 5.75
4 2 6.31
4 3 6.46
4 4 6.39
4 5 7.53
4 6 7.76
4 8 7.83

5 1 5.40
5 2 6.11
5 3 6.14
5 4 6.12
5 5 7.14
5 6 7.39
5 8 7.57

6 1 5.39
6 2 6.07
6 3 6.27
6 4 6.15
6 5 7.30
6 6 7.38
6 8 7.66

7 1 5.71
7 2 6.50
7 3 6.46
7 4 6.41
7 5 7.30
7 6 7.78
7 8 7.86

8 1 5.80
8 2 6.62
8 3 6.53
8 4 6.58
8 5 7.47
8 6 7.80
8 8 7.95
