1 1 5.59
1 2 6.33
1 3 6.40
1 4 6.42
1 5 7.17
1 6 7.70
1 7 8.67
1 8 7.76
2 1 5.90
2 2 6.24
2 3 6.43
2 4 6.43
2 5 7.18
2 6 7.70
2 7 8.88
2 8 7.76
3 1 5.67
3 2 6.28
3 3 6.41
3 4 6.33
3 5 7.38
3 6 7.83
3 7 8.80
3 8 7.86
4 1 5.72
4 2 6.61
4 3 6.50
4 4 6.42
4 5 7.44
4 6 7.81
4 7 9.01
4 8 7.87
5 1 5.28
5 2 6.03
5 3 6.18
5 4 6.08
5 5 7.14
5 6 7.34
5 7 8.68
5 8 7.49
6 1 5.59
6 2 6.02
6 3 6.09
6 4 6.08
6 5 7.04
6 6 7.35
6 7 8.51
6 8 7.51
7 1 5.74
7 2 6.34
7 3 6.48
7 4 6.38
7 5 7.39
7 6 7.84
7 7 9.09
7 8 7.88
8 1 5.76
8 2 6.35
8 3 6.57
8 4 6.50
8 5 7.55
8 6 7.94
8 7 9.23
8 8 7.91
