1 1 5815705
1 2 5859861
1 3 5886578
1 4 5959664
1 5 7667999
1 6 6951613
1 7 14908986
1 8 10225305
2 1 5834233
2 2 5884574
2 3 5930904
2 4 6026608
2 5 7731527
2 6 7022784
2 7 15210229
2 8 10390982
3 1 5848451
3 2 5926347
3 3 5995217
3 4 6109945
3 5 7766313
3 6 7070597
3 7 15359872
3 8 10565086
4 1 5911229
4 2 5997033
4 3 6082506
4 4 6209540
4 5 7916135
4 6 7211321
4 7 15720737
4 8 10705535
5 1 5768068
5 2 5877560
5 3 5978536
5 4 6125079
5 5 7643362
5 6 6994130
5 7 15491083
5 8 10543296
6 1 5801676
6 2 5932417
6 3 6046490
6 4 6210394
6 5 7709336
6 6 7085236
6 7 15715042
6 8 10696962
7 1 6017176
7 2 6165022
7 3 6294490
7 4 6479777
7 5 8114439
7 6 7447445
7 7 16322143
7 8 11190263
8 1 6075872
8 2 6237926
8 3 6382244
8 4 6576694
8 5 8259787
8 6 7596823
8 7 16637364
8 8 11294493
