1 1 7019785
1 2 7017166
1 3 7020548
1 4 7028555
1 5 11396416
1 6 12883956
1 7 15298954
1 8 13260479
2 1 7023114
2 2 7028391
2 3 7043143
2 4 7052992
2 5 11408435
2 6 12875586
2 7 15565581
2 8 13281047
3 1 6941686
3 2 6937553
3 3 6981771
3 4 6984584
3 5 11251350
3 6 12693201
3 7 15682466
3 8 13137529
4 1 7057554
4 2 7047739
4 3 7071168
4 4 7120397
4 5 11428185
4 6 12917340
4 7 16024769
4 8 13352478
5 1 6649311
5 2 6700903
5 3 6737241
5 4 6817218
5 5 11253464
5 6 12084432
5 7 15953995
5 8 12682860
6 1 6678908
6 2 6731187
6 3 6771031
6 4 6856788
6 5 11289464
6 6 12075981
6 7 16155811
6 8 12772968
7 1 6994250
7 2 7000922
7 3 7092888
7 4 7135671
7 5 11327234
7 6 12721045
7 7 16561429
7 8 13366675
8 1 7081502
8 2 7136624
8 3 7204917
8 4 7249904
8 5 11532706
8 6 12919819
8 7 16881030
8 8 13571415
