1 1 5.67
1 2 6.20
1 3 6.33
1 4 6.26
1 5 7.14
1 6 7.12
1 7 9.24
1 8 7.40
2 1 5.60
2 2 6.15
2 3 6.30
2 4 6.32
2 5 7.15
2 6 7.20
2 7 9.41
2 8 7.55
3 1 5.61
3 2 6.21
3 3 6.24
3 4 6.29
3 5 7.08
3 6 6.93
3 7 9.41
3 8 7.50
4 1 5.68
4 2 6.29
4 3 6.39
4 4 6.28
4 5 7.17
4 6 7.13
4 7 9.57
4 8 7.63
5 1 5.15
5 2 6.13
5 3 6.16
5 4 5.97
5 5 6.72
5 6 6.82
5 7 9.13
5 8 7.29
6 1 5.34
6 2 5.93
6 3 6.12
6 4 6.07
6 5 6.78
6 6 6.82
6 7 9.28
6 8 7.33
7 1 5.46
7 2 6.25
7 3 6.39
7 4 6.32
7 5 7.15
7 6 7.38
7 7 9.44
7 8 7.59
8 1 5.56
8 2 6.31
8 3 6.49
8 4 6.47
8 5 7.18
8 6 7.27
8 7 9.76
8 8 7.82
