1 1 5.96
1 2 6.77
1 3 6.59
1 4 6.52
1 5 7.68
1 6 8.39
1 7 9.27
1 8 8.03
2 1 5.82
2 2 6.56
2 3 6.63
2 4 6.44
2 5 7.83
2 6 8.39
2 7 9.38
2 8 8.26
3 1 5.68
3 2 6.36
3 3 6.48
3 4 6.65
3 5 7.73
3 6 8.23
3 7 9.40
3 8 8.11
4 1 5.92
4 2 6.43
4 3 6.66
4 4 6.57
4 5 7.85
4 6 8.59
4 7 9.47
4 8 8.25
5 1 5.49
5 2 6.14
5 3 6.24
5 4 6.13
5 5 7.41
5 6 7.90
5 7 9.19
5 8 7.90
6 1 5.51
6 2 6.16
6 3 6.31
6 4 6.16
6 5 7.59
6 6 7.83
6 7 9.21
6 8 7.76
7 1 5.78
7 2 6.44
7 3 6.54
7 4 6.42
7 5 7.79
7 6 8.47
7 7 9.48
7 8 8.28
8 1 5.89
8 2 6.61
8 3 6.61
8 4 6.62
8 5 7.90
8 6 8.54
8 7 9.76
8 8 8.14
